Most common motifs:

Motif   Freq  % Cons
AAAAAA: 16743 0.38539
TTTTTT: 16354 0.38188
TATATA:  8616 0.38655
ATATAT:  8255 0.35138
AAAAAT:  6053 0.34457
ATTTTT:  5911 0.37540
GAAAAA:  5528 0.41745
TTTTTC:  5202 0.39549
AAAATA:  5106 0.33379
TAAAAA:  5001 0.34200
AATAAA:  4990 0.35655
ATAAAA:  4981 0.35579
TATTTT:  4972 0.34651
AAGAAA:  4953 0.37348
AAATAA:  4876 0.35179
CTTTTT:  4871 0.37518
AGAAAA:  4808 0.37711
TTTCTT:  4770 0.36929
TTATTT:  4665 0.34566
AAAAAG:  4663 0.35742
TTTTTA:  4647 0.34087
TTTTAT:  4641 0.34734
TTTATT:  4637 0.34926
TTTTCT:  4592 0.35758
AAAGAA:  4522 0.37004
ATAATA:  4499 0.30222
TTCTTT:  4428 0.37745
ATATAA:  4290 0.35043
TATTAT:  4288 0.31262
AATATA:  4286 0.31992
TCTTTT:  4261 0.37648
AAATAT:  4257 0.32441
ATATTT:  4252 0.34133
AAAAGA:  4208 0.36383
TTATAT:  4176 0.36115
AATTTT:  4166 0.37546
TATATT:  4141 0.33007
AAAATT:  4077 0.35643
AATAAT:  3996 0.30043
AATATT:  3990 0.32857
TAAATA:  3863 0.36323
ATTATT:  3854 0.31180
AAATTT:  3826 0.38678
TATAAA:  3818 0.37961
TAATAA:  3758 0.30326
ATATTA:  3727 0.30708
TATTTA:  3720 0.36797
TAATAT:  3706 0.30635
TTTATA:  3701 0.37094
ATAAAT:  3555 0.34646

Most conserved motifs:

Motif   % Cons   Freq
CGGGTA: 0.61197   390
ACCCGG: 0.60585   285
CCGGGT: 0.60307   228
TACCCG: 0.60251   452
CACGTG: 0.56948   343
ACGCGT: 0.56754   306
CGCGTC: 0.55528   199
ACCCGC: 0.52000   225
GGGTAA: 0.51033   694
GCGCGA: 0.50266   188
TTACCC: 0.49699   831
GCGATG: 0.49206   483
TTCGCG: 0.49140   349
CGCGTT: 0.49048   350
GCGGGT: 0.48894   211
CGCGAG: 0.48639   147
GCCGGG: 0.48536   148
TCGCGT: 0.48272   270
GACGCG: 0.48225   216
GGCGGC: 0.48054   257
GCGGCT: 0.47956   318
CGGCTA: 0.47423   304
AACGCG: 0.47321   336
CACCCG: 0.47277   202
CGATGA: 0.47267   750
TCGCGA: 0.47256   249
CATCGC: 0.47199   488
GCCCCT: 0.47114   231
CGCGAA: 0.47097   333
CCCGGG: 0.46759   108
CAGGGG: 0.46724   173
GCCGCG: 0.46667   150
TCGGGT: 0.46567   233
GATGAG: 0.46376   860
ACGCGA: 0.46329   286
CGTCGC: 0.46252   209
TCATCG: 0.46193   683
CTCATC: 0.46038   795
TCGCGC: 0.45982   224
CCCGGA: 0.45914   257
GTCGCG: 0.45833   152
GAGTCA: 0.45186   367
TCCGGG: 0.45149   213
CCGGGC: 0.45089   112
CGGCGC: 0.44949   165
CCCCTG: 0.44841   168
CGCGAC: 0.44715   164
TACGCG: 0.44684   232
CGGCGG: 0.44637   202
ACCCGA: 0.44469   223
